799	2000	0	30	000000082000000000010000000001	GW00001
804	2000	0	30	000000082000000000020000000001	GW00002
809	2000	0	30	000000082000000000030000000001	GW00003
819	2000	0	30	000000082000000000040000000001	GW00004
795	500	0	20	000000082000000000050000000001	GW00005
800	500	0	20	000000082000000000060000000001	GW00006
796	900	0	20	000000082000000000070000000001	GW00007
801	900	0	20	000000082000000000080000000001	GW00008
797	1400	0	25	000000082000000000090000000001	GW00009
802	1400	0	25	000000082000000000100000000001	GW00010
798	1800	0	30	000000082000000000110000000001	GW00011
803	1800	0	30	000000082000000000120000000001	GW00012
805	500	0	20	000000082000000000130000000001	GW00013
815	500	0	20	000000082000000000140000000001	GW00014
806	900	0	20	000000082000000000150000000001	GW00015
816	900	0	20	000000082000000000160000000001	GW00016
807	1400	0	25	000000082000000000170000000001	GW00017
817	1400	0	25	000000082000000000180000000001	GW00018
808	1800	0	30	000000082000000000190000000001	GW00019
818	1800	0	30	000000082000000000200000000001	GW00020
814	2300	0	60	000000082000000000210000000001	GW00021
824	2300	0	60	000000082000000000220000000001	GW00022
829	2300	0	60	000000082000000000230000000001	GW00023
834	2300	0	60	000000082000000000240000000001	GW00024
810	500	0	40	000000082000000000250000000001	GW00025
820	500	0	40	000000082000000000260000000001	GW00026
811	900	0	40	000000082000000000270000000001	GW00027
821	900	0	40	000000082000000000280000000001	GW00028
812	1400	0	50	000000082000000000290000000001	GW00029
822	1400	0	50	000000082000000000300000000001	GW00030
813	1800	0	60	000000082000000000310000000001	GW00031
823	1800	0	60	000000082000000000320000000001	GW00032
825	500	0	40	000000082000000000330000000001	GW00033
830	500	0	40	000000082000000000340000000001	GW00034
826	900	0	40	000000082000000000350000000001	GW00035
831	900	0	40	000000082000000000360000000001	GW00036
827	1400	0	50	000000082000000000370000000001	GW00037
832	1400	0	50	000000082000000000380000000001	GW00038
828	1800	0	60	000000082000000000390000000001	GW00039
833	1800	0	60	000000082000000000400000000001	GW00040
12966	4500	0	1	000000082000000000410000000001	GW00041
12766	2500	0	1	000000082000000000420000000001	GW00042
12818	900	604800	1	000000082000000000430000000001	GW00043
12768	2000	0	1	000000082000000000440000000001	GW00044
12815	1000	0	1	000000082000000000450000000001	GW00045
12812	1000	0	1	000000082000000000460000000001	GW00046
2100	500	0	10	000000082000000000480000000001	GW00048
3043	200	0	1	000000082000000000490000000001	GW00049
12361	500	0	1	000000082000000000500000000001	GW00050
12361	4500	0	10	000000082000000000510000000001	GW00051
9834	1600	0	1	000000082000000000530000000001	GW00053
12750	500	0	1	000000082000000000540000000001	GW00054
12762	1600	0	1	000000082000000000550000000001	GW00055
11208	2300	0	10	000000082000000000560000000001	GW00056
12751	500	0	1	000000082000000000570000000001	GW00057
12751	4500	0	10	000000082000000000580000000001	GW00058
11208	300	0	1	000000082000000000590000000001	GW00059
12750	4500	0	10	000000082000000000600000000001	GW00060
14351	1200	0	10	000000082000000000610000000001	GW00061
12763	5600	0	1	000000082000000000620000000001	GW00062
12760	5600	0	1	000000082000000000630000000001	GW00063
12758	4200	0	1	000000082000000000640000000001	GW00064
12980	500	0	1	000000082000000000680000000001	GW00068
3043	1700	0	10	000000082000000000690000000001	GW00069
12979	900	0	10	000000082000000000700000000001	GW00070
13697	500	604800	1	000000082000000000710000000001	GW00071
12969	500	604800	1	000000082000000000720000000001	GW00072
12823	500	604800	1	000000082000000000730000000001	GW00073
12781	4600	0	1	000000082000000000740000000001	GW00074
12787	9200	0	1	000000082000000000750000000001	GW00075
12792	4600	0	1	000000082000000000760000000001	GW00076
12796	9200	0	1	000000082000000000770000000001	GW00077
12770	4600	0	1	000000082000000000780000000001	GW00078
12773	9200	0	1	000000082000000000790000000001	GW00079
9073	21000	0	1	000000082000000000800000000001	GW00080
9074	27500	0	1	000000082000000000810000000001	GW00081
13654	24000	0	1	000000082000000000820000000001	GW00082
10192	300	0	5	000000082000000000830000000001	GW00083
10213	300	0	5	000000082000000000840000000001	GW00084
10191	300	0	5	000000082000000000850000000001	GW00085
10194	300	0	5	000000082000000000860000000001	GW00086
10233	300	0	5	000000082000000000880000000001	GW00088
10197	300	0	5	000000082000000000890000000001	GW00089
10195	300	0	5	000000082000000000900000000001	GW00090
10202	300	0	5	000000082000000000910000000001	GW00091
10221	300	0	5	000000082000000000920000000001	GW00092
10196	300	0	5	000000082000000000930000000001	GW00093
10198	300	0	5	000000082000000000940000000001	GW00094
10193	300	0	5	000000082000000000950000000001	GW00095
10201	300	0	5	000000082000000000960000000001	GW00096
10204	300	0	5	000000082000000000970000000001	GW00097
10189	300	0	5	000000082000000000980000000001	GW00098
10200	300	0	5	000000082000000001010000000001	GW00101
11361	300	0	5	000000082000000001020000000001	GW00102
11363	300	0	5	000000082000000001030000000001	GW00103
11360	300	0	5	000000082000000001040000000001	GW00104
11362	300	0	5	000000082000000001050000000001	GW00105
9072	18000	0	1	000000082000000001060000000001	GW00106
6934	1800	604800	1	000000082000000001070000000001	GW00107
6945	400	604800	1	000000082000000001080000000001	GW00108
6944	400	604800	1	000000082000000001090000000001	GW00109
4260	1500	604800	1	000000082000000001100000000001	GW00110
4259	300	604800	1	000000082000000001110000000001	GW00111
4258	300	604800	1	000000082000000001120000000001	GW00112
13288	900	604800	1	000000082000000001130000000001	GW00113
13283	600	604800	1	000000082000000001140000000001	GW00114
6931	450	604800	1	000000082000000001150000000001	GW00115
6936	300	604800	1	000000082000000001160000000001	GW00116
6940	150	604800	1	000000082000000001170000000001	GW00117
6932	450	604800	1	000000082000000001180000000001	GW00118
3952	450	604800	1	000000082000000001190000000001	GW00119
3951	450	604800	1	000000082000000001200000000001	GW00120
4403	350	604800	1	000000082000000001220000000001	GW00122
4404	200	604800	1	000000082000000001230000000001	GW00123
6929	450	604800	1	000000082000000001240000000001	GW00124
6935	300	604800	1	000000082000000001250000000001	GW00125
4400	300	604800	1	000000082000000001260000000001	GW00126
4401	200	604800	1	000000082000000001270000000001	GW00127
4397	300	604800	1	000000082000000001280000000001	GW00128
4398	200	604800	1	000000082000000001290000000001	GW00129
4399	150	604800	1	000000082000000001300000000001	GW00130
8601	300	604800	1	000000082000000001310000000001	GW00131
8602	300	604800	1	000000082000000001320000000001	GW00132
6930	450	604800	1	000000082000000001330000000001	GW00133
6937	300	604800	1	000000082000000001340000000001	GW00134
6941	150	604800	1	000000082000000001350000000001	GW00135
13293	150	604800	1	000000082000000001360000000001	GW00136
4267	450	604800	1	000000082000000001370000000001	GW00137
4271	300	604800	1	000000082000000001380000000001	GW00138
4396	150	604800	1	000000082000000001390000000001	GW00139
6942	150	604800	1	000000082000000001400000000001	GW00140
8603	150	604800	1	000000082000000001410000000001	GW00141
6939	150	604800	1	000000082000000001420000000001	GW00142
4405	150	604800	1	000000082000000001430000000001	GW00143
4261	150	604800	1	000000082000000001440000000001	GW00144
3955	150	604800	1	000000082000000001450000000001	GW00145
4257	150	604800	1	000000082000000001460000000001	GW00146
4394	150	604800	1	000000082000000001470000000001	GW00147
4402	150	604800	1	000000082000000001480000000001	GW00148
4273	300	604800	1	000000082000000001490000000001	GW00149
4276	150	604800	1	000000082000000001500000000001	GW00150
4275	150	604800	1	000000082000000001510000000001	GW00151
4277	100	604800	1	000000082000000001520000000001	GW00152
4268	150	604800	1	000000082000000001530000000001	GW00153
4272	150	604800	1	000000082000000001540000000001	GW00154
4274	100	604800	1	000000082000000001550000000001	GW00155
4392	1500	604800	1	000000082000000001560000000001	GW00156
6934	18000	0	1	000000082000000001570000000001	GW00157
6945	4000	0	1	000000082000000001580000000001	GW00158
6944	4000	0	1	000000082000000001590000000001	GW00159
4260	15000	0	1	000000082000000001600000000001	GW00160
4259	3000	0	1	000000082000000001610000000001	GW00161
4258	3000	0	1	000000082000000001620000000001	GW00162
13288	9000	0	1	000000082000000001630000000001	GW00163
13283	6000	0	1	000000082000000001640000000001	GW00164
6931	4500	0	1	000000082000000001650000000001	GW00165
6936	3000	0	1	000000082000000001660000000001	GW00166
6940	1500	0	1	000000082000000001670000000001	GW00167
6932	4500	0	1	000000082000000001680000000001	GW00168
3952	4500	0	1	000000082000000001690000000001	GW00169
3951	4500	0	1	000000082000000001700000000001	GW00170
4403	3500	0	1	000000082000000001720000000001	GW00172
4404	2000	0	1	000000082000000001730000000001	GW00173
6929	4500	0	1	000000082000000001740000000001	GW00174
6935	3000	0	1	000000082000000001750000000001	GW00175
4400	3000	0	1	000000082000000001760000000001	GW00176
4401	2000	0	1	000000082000000001770000000001	GW00177
4397	3000	0	1	000000082000000001780000000001	GW00178
4398	2000	0	1	000000082000000001790000000001	GW00179
4399	1500	0	1	000000082000000001800000000001	GW00180
8601	3000	0	1	000000082000000001810000000001	GW00181
8602	3000	0	1	000000082000000001820000000001	GW00182
6930	4500	0	1	000000082000000001830000000001	GW00183
6937	3000	0	1	000000082000000001840000000001	GW00184
6941	1500	0	1	000000082000000001850000000001	GW00185
13293	1500	0	1	000000082000000001860000000001	GW00186
4267	4500	0	1	000000082000000001870000000001	GW00187
4271	3000	0	1	000000082000000001880000000001	GW00188
4396	1500	0	1	000000082000000001890000000001	GW00189
6942	1500	0	1	000000082000000001900000000001	GW00190
8603	1500	0	1	000000082000000001910000000001	GW00191
6939	1500	0	1	000000082000000001920000000001	GW00192
4405	1500	0	1	000000082000000001930000000001	GW00193
4261	1500	0	1	000000082000000001940000000001	GW00194
3955	1500	0	1	000000082000000001950000000001	GW00195
4257	1500	0	1	000000082000000001960000000001	GW00196
4394	1500	0	1	000000082000000001970000000001	GW00197
4402	1500	0	1	000000082000000001980000000001	GW00198
4273	3000	0	1	000000082000000001990000000001	GW00199
4276	1500	0	1	000000082000000002000000000001	GW00200
4275	1500	0	1	000000082000000002010000000001	GW00201
4277	1000	0	1	000000082000000002020000000001	GW00202
4268	1500	0	1	000000082000000002030000000001	GW00203
4272	1500	0	1	000000082000000002040000000001	GW00204
4274	1000	0	1	000000082000000002050000000001	GW00205
4392	15000	0	1	000000082000000002060000000001	GW00206
12783	22500	0	1	000000082000000002070000000001	GW00207
12794	22500	0	1	000000082000000002080000000001	GW00208
12772	22500	0	1	000000082000000002090000000001	GW00209
12782	12500	0	1	000000082000000002100000000001	GW00210
12793	12500	0	1	000000082000000002110000000001	GW00211
12771	12500	0	1	000000082000000002120000000001	GW00212
12816	3000	0	1	000000082000000002130000000001	GW00213
12813	3000	0	1	000000082000000002140000000001	GW00214
15061	1000	0	1	000000082000000002150000000001	GW00215
15609	700	0	1	000000082000000002160000000001	GW00216
14794	34000	0	1	000000082000000002170000000001	GW00217
13656	9000	0	1	000000082000000002190000000001	GW00219
13675	30	864000	1	000000082000000002200000000001	GW00220
13677	30	864000	1	000000082000000002210000000001	GW00221
13679	20	864000	1	000000082000000002220000000001	GW00222
13673	20	864000	1	000000082000000002230000000001	GW00223
13676	30	864000	1	000000082000000002240000000001	GW00224
13678	30	864000	1	000000082000000002250000000001	GW00225
13680	20	864000	1	000000082000000002260000000001	GW00226
13674	20	864000	1	000000082000000002270000000001	GW00227
10192	100	0	10	000000082000000002280000000001	GW00228
10221	100	0	10	000000082000000002290000000001	GW00229
10204	100	0	10	000000082000000002300000000001	GW00230
16855	700	604800	1	000000082000000002310000000001	GW00231
16858	500	604800	1	000000082000000002320000000001	GW00232
16860	150	604800	1	000000082000000002330000000001	GW00233
13291	800	604800	1	000000082000000002340000000001	GW00234
13286	500	604800	1	000000082000000002350000000001	GW00235
13295	150	604800	1	000000082000000002360000000001	GW00236
6933	400	604800	1	000000082000000002370000000001	GW00237
6938	200	604800	1	000000082000000002380000000001	GW00238
6943	100	604800	1	000000082000000002390000000001	GW00239
15667	500	604800	1	000000082000000002400000000001	GW00240
15668	100	604800	1	000000082000000002410000000001	GW00241
8604	200	604800	1	000000082000000002420000000001	GW00242
8605	200	604800	1	000000082000000002430000000001	GW00243
8606	100	604800	1	000000082000000002440000000001	GW00244
13287	500	604800	1	000000082000000002450000000001	GW00245
13282	300	604800	1	000000082000000002460000000001	GW00246
13292	100	604800	1	000000082000000002470000000001	GW00247
13281	200	604800	1	000000082000000002480000000001	GW00248
13290	800	604800	1	000000082000000002490000000001	GW00249
13285	500	604800	1	000000082000000002500000000001	GW00250
13294	300	604800	1	000000082000000002510000000001	GW00251
13280	300	604800	1	000000082000000002520000000001	GW00252
16855	7000	0	1	000000082000000002530000000001	GW00253
16858	4800	0	1	000000082000000002540000000001	GW00254
16860	1200	0	1	000000082000000002550000000001	GW00255
13291	8800	0	1	000000082000000002560000000001	GW00256
13286	5800	0	1	000000082000000002570000000001	GW00257
13295	1500	0	1	000000082000000002580000000001	GW00258
6933	4800	0	1	000000082000000002590000000001	GW00259
6938	2300	0	1	000000082000000002600000000001	GW00260
6943	1200	0	1	000000082000000002610000000001	GW00261
15667	5400	0	1	000000082000000002620000000001	GW00262
15668	600	0	1	000000082000000002630000000001	GW00263
8604	2400	0	1	000000082000000002640000000001	GW00264
8605	2400	0	1	000000082000000002650000000001	GW00265
8606	600	0	1	000000082000000002660000000001	GW00266
13287	5500	0	1	000000082000000002670000000001	GW00267
13282	3500	0	1	000000082000000002680000000001	GW00268
13292	1100	0	1	000000082000000002690000000001	GW00269
13281	1900	0	1	000000082000000002700000000001	GW00270
13290	8800	0	1	000000082000000002710000000001	GW00271
13285	5800	0	1	000000082000000002720000000001	GW00272
13294	2900	0	1	000000082000000002730000000001	GW00273
13280	2900	0	1	000000082000000002740000000001	GW00274
15757	9000	0	1	000000082000000002750000000001	GW00275
12814	5000	0	1	000000082000000002760000000001	GW00276
12817	5000	0	1	000000082000000002770000000001	GW00277
12761	18000	0	1	000000082000000002780000000001	GW00278
12764	18000	0	1	000000082000000002790000000001	GW00279
15609	7000	0	10	000000082000000002800000000001	GW00280
12980	5000	0	10	000000082000000002810000000001	GW00281
9076	39000	0	1	000000082000000002820000000001	GW00282
12775	39000	0	1	000000082000000002830000000001	GW00283
12786	39000	0	1	000000082000000002840000000001	GW00284
14134	39000	0	1	000000082000000002850000000001	GW00285
12798	39000	0	1	000000082000000002860000000001	GW00286
12799	39000	0	1	000000082000000002870000000001	GW00287
15038	5000	0	10	000000082000000002880000000001	GW00288
5382	2000	0	1	000000082000000002890000000001	GW00289
12827	500	604800	1	000000082000000002900000000001	GW00290
16166	500	0	1	000000082000000002910000000001	GW00291
16024	6000	0	1	000000082000000002940000000001	GW00294
16019	6000	0	1	000000082000000002950000000001	GW00295
18180	1000	0	1	000000082000000002960000000001	GW00296
18185	900	0	1	000000082000000002970000000001	GW00297
18185	8000	0	10	000000082000000002980000000001	GW00298
12291	600	604800	1	000000082000000003120000000001	GW00312
12290	100	604800	1	000000082000000003130000000001	GW00313
12286	600	604800	1	000000082000000002990000000001	GW00299
12287	600	604800	1	000000082000000003000000000001	GW00300
12288	600	604800	1	000000082000000003010000000001	GW00301
12289	100	604800	1	000000082000000003020000000001	GW00302
12291	6000	0	1	000000082000000003030000000001	GW00303
12290	1000	0	1	000000082000000003040000000001	GW00304
12286	6000	0	1	000000082000000003050000000001	GW00305
12287	6000	0	1	000000082000000003060000000001	GW00306
12288	6000	0	1	000000082000000003070000000001	GW00307
12289	1000	0	1	000000082000000003080000000001	GW00308
16792	500	0	1	000000082000000003090000000001	GW00309
18204	1000	0	1	000000082000000003100000000001	GW00310
18310	400	604800	1	000000082000000003140000000001	GW00314
18306	300	604800	1	000000082000000003150000000001	GW00315
18313	100	604800	1	000000082000000003160000000001	GW00316
18315	200	604800	1	000000082000000003170000000001	GW00317
16857	600	604800	1	000000082000000003180000000001	GW00318
16862	200	604800	1	000000082000000003190000000001	GW00319
18310	3800	0	1	000000082000000003200000000001	GW00320
18306	2300	0	1	000000082000000003210000000001	GW00321
18313	800	0	1	000000082000000003220000000001	GW00322
18315	1500	0	1	000000082000000003230000000001	GW00323
16857	5300	0	1	000000082000000003240000000001	GW00324
16862	2300	0	1	000000082000000003250000000001	GW00325
19229	900	0	1	000000082000000003260000000001	GW00326
15801	900	604800	1	000000082000000003270000000001	GW00327
15803	600	604800	1	000000082000000003280000000001	GW00328
15800	300	604800	1	000000082000000003290000000001	GW00329
4395	300	604800	1	000000082000000003300000000001	GW00330
18312	700	604800	1	000000082000000003310000000001	GW00331
18308	450	604800	1	000000082000000003320000000001	GW00332
18317	300	604800	1	000000082000000003330000000001	GW00333
8598	600	604800	1	000000082000000003340000000001	GW00334
8599	500	604800	1	000000082000000003350000000001	GW00335
8600	200	604800	1	000000082000000003360000000001	GW00336
15801	9000	0	1	000000082000000003370000000001	GW00337
15803	6000	0	1	000000082000000003380000000001	GW00338
15800	3000	0	1	000000082000000003390000000001	GW00339
4395	3000	0	1	000000082000000003400000000001	GW00340
18312	6800	0	1	000000082000000003410000000001	GW00341
18308	4500	0	1	000000082000000003420000000001	GW00342
18317	2300	0	1	000000082000000003430000000001	GW00343
8598	6000	0	1	000000082000000003440000000001	GW00344
8599	4500	0	1	000000082000000003450000000001	GW00345
8600	1900	0	1	000000082000000003460000000001	GW00346
19571	900	0	1	000000082000000003470000000001	GW00347
20784	1000	0	1	000000082000000003480000000001	GW00348
20785	1000	0	1	000000082000000003490000000001	GW00349
21045	1000	0	1	000000082000000003500000000001	GW00350
21500	1000	604800	1	000000082000000003510000000001	GW00351
21502	700	604800	1	000000082000000003520000000001	GW00352
21504	300	604800	1	000000082000000003530000000001	GW00353
22155	700	604800	1	000000082000000003540000000001	GW00354
22158	200	604800	1	000000082000000003550000000001	GW00355
22160	100	604800	1	000000082000000003560000000001	GW00356
21500	10000	0	1	000000082000000003570000000001	GW00357
21502	7000	0	1	000000082000000003580000000001	GW00358
21504	2500	0	1	000000082000000003590000000001	GW00359
22155	7000	0	1	000000082000000003600000000001	GW00360
22158	2000	0	1	000000082000000003610000000001	GW00361
22160	1000	0	1	000000082000000003620000000001	GW00362
21021	2000	0	1	000000082000000003630000000001	GW00363
21022	2000	0	1	000000082000000003640000000001	GW00364
16166	5000	0	10	000000082000000003650000000001	GW00365
16792	5000	0	10	000000082000000003660000000001	GW00366
21070	1000	0	1	000000082000000003670000000001	GW00367
22156	1200	604800	1	000000082000000003680000000001	GW00368
22157	500	604800	1	000000082000000003690000000001	GW00369
22161	200	604800	1	000000082000000003700000000001	GW00370
22159	100	604800	1	000000082000000003710000000001	GW00371
18311	600	604800	1	000000082000000003720000000001	GW00372
18307	400	604800	1	000000082000000003730000000001	GW00373
18316	100	604800	1	000000082000000003740000000001	GW00374
22156	12000	0	1	000000082000000003750000000001	GW00375
22157	5000	0	1	000000082000000003760000000001	GW00376
22161	1500	0	1	000000082000000003770000000001	GW00377
22159	1000	0	1	000000082000000003780000000001	GW00378
18311	6000	0	1	000000082000000003790000000001	GW00379
18307	4000	0	1	000000082000000003800000000001	GW00380
18316	1000	0	1	000000082000000003810000000001	GW00381
22096	1000	0	1	000000082000000003820000000001	GW00382
21025	1200	604800	1	000000082000000003830000000001	GW00383
21017	400	604800	1	000000082000000003840000000001	GW00384
21016	100	604800	1	000000082000000003850000000001	GW00385
23486	1000	604800	1	000000082000000003860000000001	GW00386
23487	500	604800	1	000000082000000003870000000001	GW00387
23488	300	604800	1	000000082000000003880000000001	GW00388
21025	12000	0	1	000000082000000003890000000001	GW00389
21017	4000	0	1	000000082000000003900000000001	GW00390
21016	1000	0	1	000000082000000003910000000001	GW00391
23486	10000	0	1	000000082000000003920000000001	GW00392
23487	5000	0	1	000000082000000003930000000001	GW00393
23488	3000	0	1	000000082000000003940000000001	GW00394
15739	43000	0	1	000000082000000003950000000001	GW00395
13289	1000	604800	1	000000082000000003960000000001	GW00396
13284	600	604800	1	000000082000000003970000000001	GW00397
13296	300	604800	1	000000082000000003980000000001	GW00398
18309	800	604800	1	000000082000000003990000000001	GW00399
18303	600	604800	1	000000082000000004000000000001	GW00400
18314	300	604800	1	000000082000000004010000000001	GW00401
13289	9900	0	1	000000082000000004020000000001	GW00402
13284	5900	0	1	000000082000000004030000000001	GW00403
13296	2900	0	1	000000082000000004040000000001	GW00404
18309	7900	0	1	000000082000000004050000000001	GW00405
18303	5900	0	1	000000082000000004060000000001	GW00406
18314	2500	0	1	000000082000000004070000000001	GW00407
22197	1000	0	1	000000082000000004080000000001	GW00408
21051	500	604800	1	000000082000000004090000000001	GW00409
21050	500	604800	1	000000082000000004100000000001	GW00410
21052	200	604800	1	000000082000000004110000000001	GW00411
19263	700	604800	1	000000082000000004120000000001	GW00412
19268	200	604800	1	000000082000000004130000000001	GW00413
19265	400	604800	1	000000082000000004140000000001	GW00414
19266	200	604800	1	000000082000000004150000000001	GW00415
21051	4900	0	1	000000082000000004160000000001	GW00416
21050	4900	0	1	000000082000000004170000000001	GW00417
21052	1900	0	1	000000082000000004180000000001	GW00418
19263	6900	0	1	000000082000000004190000000001	GW00419
19268	1500	0	1	000000082000000004200000000001	GW00420
19265	3900	0	1	000000082000000004210000000001	GW00421
19266	1900	0	1	000000082000000004220000000001	GW00422
21043	1000	0	15	000000082000000004230000000001	GW00423
23421	1000	0	1	000000082000000004240000000001	GW00424
23405	800	604800	1	000000082000000004250000000001	GW00425
23406	400	604800	1	000000082000000004260000000001	GW00426
23407	200	604800	1	000000082000000004270000000001	GW00427
23408	200	604800	1	000000082000000004280000000001	GW00428
23402	700	604800	1	000000082000000004290000000001	GW00429
23403	300	604800	1	000000082000000004300000000001	GW00430
23404	200	604800	1	000000082000000004310000000001	GW00431
23405	8000	0	1	000000082000000004320000000001	GW00432
23406	4000	0	1	000000082000000004330000000001	GW00433
23407	2000	0	1	000000082000000004340000000001	GW00434
23408	2000	0	1	000000082000000004350000000001	GW00435
23402	7000	0	1	000000082000000004360000000001	GW00436
23403	3000	0	1	000000082000000004370000000001	GW00437
23404	2000	0	1	000000082000000004380000000001	GW00438
15732	45000	0	1	000000082000000004390000000001	GW00439
15731	45000	0	1	000000082000000004400000000001	GW00440
15730	45000	0	1	000000082000000004410000000001	GW00441
20216	500	0	1	000000082000000004420000000001	GW00442
23245	1000	0	1	000000082000000004430000000001	GW00443
24351	900	604800	1	000000082000000004440000000001	GW00444
24358	200	604800	1	000000082000000004450000000001	GW00445
24356	500	604800	1	000000082000000004460000000001	GW00446
24362	300	604800	1	000000082000000004470000000001	GW00447
24350	600	604800	1	000000082000000004480000000001	GW00448
24357	100	604800	1	000000082000000004490000000001	GW00449
24354	600	604800	1	000000082000000004500000000001	GW00450
24360	200	604800	1	000000082000000004510000000001	GW00451
15766	600	604800	1	000000082000000004520000000001	GW00452
15769	300	604800	1	000000082000000004530000000001	GW00453
15772	100	604800	1	000000082000000004540000000001	GW00454
15768	600	604800	1	000000082000000004550000000001	GW00455
15771	300	604800	1	000000082000000004560000000001	GW00456
15774	100	604800	1	000000082000000004570000000001	GW00457
24351	9000	0	1	000000082000000004580000000001	GW00458
24358	1500	0	1	000000082000000004590000000001	GW00459
24356	5000	0	1	000000082000000004600000000001	GW00460
24362	3000	0	1	000000082000000004610000000001	GW00461
24350	6000	0	1	000000082000000004620000000001	GW00462
24357	1000	0	1	000000082000000004630000000001	GW00463
24354	6000	0	1	000000082000000004640000000001	GW00464
24360	2000	0	1	000000082000000004650000000001	GW00465
15766	6000	0	1	000000082000000004660000000001	GW00466
15769	3000	0	1	000000082000000004670000000001	GW00467
15772	1000	0	1	000000082000000004680000000001	GW00468
15768	6000	0	1	000000082000000004690000000001	GW00469
15771	3000	0	1	000000082000000004700000000001	GW00470
15774	1000	0	1	000000082000000004710000000001	GW00471
23965	1000	0	1	000000082000000004720000000001	GW00472
24609	600	604800	1	000000082000000004730000000001	GW00473
24620	400	604800	1	000000082000000004740000000001	GW00474
24617	200	604800	1	000000082000000004750000000001	GW00475
21499	500	604800	1	000000082000000004760000000001	GW00476
21501	300	604800	1	000000082000000004770000000001	GW00477
21503	200	604800	1	000000082000000004780000000001	GW00478
24609	6000	0	1	000000082000000004790000000001	GW00479
24620	4000	0	1	000000082000000004800000000001	GW00480
24617	1500	0	1	000000082000000004810000000001	GW00481
21499	5000	0	1	000000082000000004820000000001	GW00482
21501	3000	0	1	000000082000000004830000000001	GW00483
21503	2000	0	1	000000082000000004840000000001	GW00484
24717	1500	604800	1	000000082000000004850000000001	GW00485
23553	3000	0	1	000000082000000004860000000001	GW00486
23552	80	0	1	000000082000000004870000000001	GW00487
23552	800	0	10	000000082000000004880000000001	GW00488
23552	8000	0	100	000000082000000004890000000001	GW00489
24610	600	604800	1	000000082000000004900000000001	GW00490
24613	200	604800	1	000000082000000004910000000001	GW00491
24618	300	604800	1	000000082000000004920000000001	GW00492
24608	500	604800	1	000000082000000004930000000001	GW00493
24614	100	604800	1	000000082000000004940000000001	GW00494
24612	300	604800	1	000000082000000004950000000001	GW00495
24616	200	604800	1	000000082000000004960000000001	GW00496
24610	5500	0	1	000000082000000004970000000001	GW00497
24613	2000	0	1	000000082000000004980000000001	GW00498
24618	3200	0	1	000000082000000004990000000001	GW00499
24608	5000	0	1	000000082000000005000000000001	GW00500
24614	1000	0	1	000000082000000005010000000001	GW00501
24612	2500	0	1	000000082000000005020000000001	GW00502
24616	1800	0	1	000000082000000005030000000001	GW00503
24724	1000	0	1	000000082000000005040000000001	GW00504
24744	700	604800	1	000000082000000005050000000001	GW00505
24748	100	604800	1	000000082000000005060000000001	GW00506
24746	500	604800	1	000000082000000005070000000001	GW00507
24750	200	604800	1	000000082000000005080000000001	GW00508
24745	700	604800	1	000000082000000005090000000001	GW00509
24749	100	604800	1	000000082000000005100000000001	GW00510
24747	500	604800	1	000000082000000005110000000001	GW00511
24751	400	604800	1	000000082000000005120000000001	GW00512
24744	7000	0	1	000000082000000005130000000001	GW00513
24748	800	0	1	000000082000000005140000000001	GW00514
24746	4500	0	1	000000082000000005150000000001	GW00515
24750	1200	0	1	000000082000000005160000000001	GW00516
24745	7000	0	1	000000082000000005170000000001	GW00517
24749	800	0	1	000000082000000005180000000001	GW00518
24747	4500	0	1	000000082000000005190000000001	GW00519
24751	4000	0	1	000000082000000005200000000001	GW00520
16157	9000	0	1	000000082000000005210000000001	GW00521
21508	800	604800	1	000000082000000005220000000001	GW00522
24921	1000	0	1	000000082000000005230000000001	GW00523
24885	700	604800	1	000000082000000005240000000001	GW00524
24892	100	604800	1	000000082000000005250000000001	GW00525
24889	400	604800	1	000000082000000005260000000001	GW00526
24895	100	604800	1	000000082000000005270000000001	GW00527
24887	500	604800	1	000000082000000005280000000001	GW00528
24893	200	604800	1	000000082000000005290000000001	GW00529
24891	400	604800	1	000000082000000005300000000001	GW00530
24897	300	604800	1	000000082000000005310000000001	GW00531
24885	6500	0	1	000000082000000005320000000001	GW00532
24892	1000	0	1	000000082000000005330000000001	GW00533
24889	4000	0	1	000000082000000005340000000001	GW00534
24895	1000	0	1	000000082000000005350000000001	GW00535
24887	5000	0	1	000000082000000005360000000001	GW00536
24893	2000	0	1	000000082000000005370000000001	GW00537
24891	4000	0	1	000000082000000005380000000001	GW00538
24897	3000	0	1	000000082000000005390000000001	GW00539
15037	1800	0	10	000000082000000005400000000001	GW00540
18146	53000	0	1	000000082000000005410000000001	GW00541
18147	53000	0	1	000000082000000005420000000001	GW00542
18148	53000	0	1	000000082000000005430000000001	GW00543
24701	800	604800	1	000000082000000005440000000001	GW00544
24704	400	604800	1	000000082000000005450000000001	GW00545
24707	200	604800	1	000000082000000005460000000001	GW00546
24702	600	604800	1	000000082000000005470000000001	GW00547
24709	300	604800	1	000000082000000005480000000001	GW00548
23582	800	604800	1	000000082000000005490000000001	GW00549
23584	200	604800	1	000000082000000005500000000001	GW00550
23583	600	604800	1	000000082000000005510000000001	GW00551
23585	100	604800	1	000000082000000005520000000001	GW00552
23586	1100	604800	1	000000082000000005530000000001	GW00553
23587	200	604800	1	000000082000000005540000000001	GW00554
23588	200	604800	1	000000082000000005550000000001	GW00555
24701	8000	0	1	000000082000000005560000000001	GW00556
24704	4000	0	1	000000082000000005570000000001	GW00557
24707	2000	0	1	000000082000000005580000000001	GW00558
24702	6000	0	1	000000082000000005590000000001	GW00559
24709	3000	0	1	000000082000000005600000000001	GW00560
23582	7500	0	1	000000082000000005610000000001	GW00561
23584	1500	0	1	000000082000000005620000000001	GW00562
23583	6000	0	1	000000082000000005630000000001	GW00563
23585	1000	0	1	000000082000000005640000000001	GW00564
23586	10500	0	1	000000082000000005650000000001	GW00565
23587	2000	0	1	000000082000000005660000000001	GW00566
23588	2000	0	1	000000082000000005670000000001	GW00567
23581	30000	0	1	000000082000000005680000000001	GW00568
24782	1000	0	1	000000082000000005690000000001	GW00569
24886	600	604800	1	000000082000000005700000000001	GW00570
24890	500	604800	1	000000082000000005710000000001	GW00571
24896	200	604800	1	000000082000000005720000000001	GW00572
24888	1000	604800	1	000000082000000005730000000001	GW00573
24894	300	604800	1	000000082000000005740000000001	GW00574
24898	400	604800	1	000000082000000005750000000001	GW00575
24886	6000	0	1	000000082000000005760000000001	GW00576
24890	5000	0	1	000000082000000005770000000001	GW00577
24896	2000	0	1	000000082000000005780000000001	GW00578
24888	9500	0	1	000000082000000005790000000001	GW00579
24894	3000	0	1	000000082000000005800000000001	GW00580
24898	4000	0	1	000000082000000005810000000001	GW00581
25161	1000	0	1	000000082000000005820000000001	GW00582
25065	800	604800	1	000000082000000005830000000001	GW00583
25071	200	604800	1	000000082000000005840000000001	GW00584
25069	300	604800	1	000000082000000005850000000001	GW00585
25074	700	604800	1	000000082000000005860000000001	GW00586
25066	200	604800	1	000000082000000005870000000001	GW00587
25072	200	604800	1	000000082000000005880000000001	GW00588
25070	500	604800	1	000000082000000005890000000001	GW00589
25075	200	604800	1	000000082000000005900000000001	GW00590
25065	8000	0	1	000000082000000005910000000001	GW00591
25071	2000	0	1	000000082000000005920000000001	GW00592
25069	3000	0	1	000000082000000005930000000001	GW00593
25074	2000	0	1	000000082000000005940000000001	GW00594
25066	7000	0	1	000000082000000005950000000001	GW00595
25072	1500	0	1	000000082000000005960000000001	GW00596
25070	5000	0	1	000000082000000005970000000001	GW00597
25075	2000	0	1	000000082000000005980000000001	GW00598
25622	4600	0	1	000000082000000005990000000001	GW00599
25623	12500	0	1	000000082000000006000000000001	GW00600
25624	22500	0	1	000000082000000006010000000001	GW00601
25625	45000	0	1	000000082000000006020000000001	GW00602
25626	53000	0	1	000000082000000006030000000001	GW00603
26639	30000	0	1	000000082000000006040000000001	GW00604
27309	1000	0	1	000000082000000006050000000001	GW00605
25303	900	604800	1	000000082000000006060000000001	GW00606
25307	200	604800	1	000000082000000006070000000001	GW00607
25311	100	604800	1	000000082000000006080000000001	GW00608
25305	1000	604800	1	000000082000000006090000000001	GW00609
25308	300	604800	1	000000082000000006100000000001	GW00610
25313	200	604800	1	000000082000000006110000000001	GW00611
25303	9000	0	1	000000082000000006120000000001	GW00612
25307	2000	0	1	000000082000000006130000000001	GW00613
25311	1000	0	1	000000082000000006140000000001	GW00614
25305	10000	0	1	000000082000000006150000000001	GW00615
25308	2500	0	1	000000082000000006160000000001	GW00616
25313	1500	0	1	000000082000000006170000000001	GW00617
24679	1000	0	1	000000082000000006180000000001	GW00618
24679	10000	0	10	000000082000000006190000000001	GW00619
27232	40000	0	1	000000082000000006200000000001	GW00620
27244	40000	0	1	000000082000000006210000000001	GW00621
27252	34000	0	1	000000082000000006220000000001	GW00622
27260	28000	0	1	000000082000000006230000000001	GW00623
27731	1000	0	1	000000082000000006240000000001	GW00624
25302	800	604800	1	000000082000000006250000000001	GW00625
25306	400	604800	1	000000082000000006260000000001	GW00626
25310	100	604800	1	000000082000000006270000000001	GW00627
25304	900	604800	1	000000082000000006280000000001	GW00628
25309	200	604800	1	000000082000000006290000000001	GW00629
25312	200	604800	1	000000082000000006300000000001	GW00630
25302	8000	0	1	000000082000000006310000000001	GW00631
25306	4000	0	1	000000082000000006320000000001	GW00632
25310	1000	0	1	000000082000000006330000000001	GW00633
25304	9000	0	1	000000082000000006340000000001	GW00634
25309	2000	0	1	000000082000000006350000000001	GW00635
25312	1500	0	1	000000082000000006360000000001	GW00636
27424	500	0	1	000000082000000006370000000001	GW00637
27424	2000	0	5	000000082000000006380000000001	GW00638
27728	500	0	1	000000082000000006390000000001	GW00639
27310	1000	0	1	000000082000000006400000000001	GW00640
26363	1000	604800	1	000000082000000006410000000001	GW00641
26370	400	604800	1	000000082000000006420000000001	GW00642
26380	300	604800	1	000000082000000006430000000001	GW00643
26359	1000	604800	1	000000082000000006440000000001	GW00644
26367	400	604800	1	000000082000000006450000000001	GW00645
26371	200	604800	1	000000082000000006460000000001	GW00646
26376	200	604800	1	000000082000000006470000000001	GW00647
26184	11000	0	1	000000082000000006480000000001	GW00648
26363	10000	0	1	000000082000000006490000000001	GW00649
26370	4000	0	1	000000082000000006500000000001	GW00650
26380	3000	0	1	000000082000000006510000000001	GW00651
26359	10000	0	1	000000082000000006520000000001	GW00652
26367	4000	0	1	000000082000000006530000000001	GW00653
26371	2000	0	1	000000082000000006540000000001	GW00654
26175	11000	0	1	000000082000000006550000000001	GW00655
26376	2000	0	1	000000082000000006560000000001	GW00656
22113	11000	0	1	000000082000000006570000000001	GW00657
22113	11000	0	1	000000082000000006580000000001	GW00658
22113	11000	0	1	000000082000000006590000000001	GW00659
26708	55000	0	1	000000082000000006600000000001	GW00660
26381	800	604800	1	000000082000000006610000000001	GW00661
26366	600	604800	1	000000082000000006620000000001	GW00662
26375	200	604800	1	000000082000000006630000000001	GW00663
26361	900	604800	1	000000082000000006640000000001	GW00664
26372	100	604800	1	000000082000000006650000000001	GW00665
26378	300	604800	1	000000082000000006660000000001	GW00666
26182	11000	0	1	000000082000000006670000000001	GW00667
26185	11500	0	1	000000082000000006680000000001	GW00668
26381	8000	0	1	000000082000000006690000000001	GW00669
27472	1000	0	1	000000082000000006700000000001	GW00670
26375	2000	0	1	000000082000000006710000000001	GW00671
26361	9000	0	1	000000082000000006720000000001	GW00672
26372	1000	0	1	000000082000000006730000000001	GW00673
26378	3000	0	1	000000082000000006740000000001	GW00674
26366	6000	0	1	000000082000000006750000000001	GW00675
27314	800	604800	1	000000082000000006760000000001	GW00676
27320	400	604800	1	000000082000000006770000000001	GW00677
27330	200	604800	1	000000082000000006780000000001	GW00678
27311	800	604800	1	000000082000000006790000000001	GW00679
27317	600	604800	1	000000082000000006800000000001	GW00680
27327	300	604800	1	000000082000000006810000000001	GW00681
27314	8000	0	1	000000082000000006820000000001	GW00682
27320	4000	0	1	000000082000000006830000000001	GW00683
27330	2000	0	1	000000082000000006840000000001	GW00684
27311	8000	0	1	000000082000000006850000000001	GW00685
27317	6000	0	1	000000082000000006860000000001	GW00686
27327	3000	0	1	000000082000000006870000000001	GW00687
27336	10000	0	1	000000082000000006880000000001	GW00688
27333	9000	0	1	000000082000000006890000000001	GW00689
15039	1800	0	1	000000082000000006900000000001	GW00690
15039	18000	0	10	000000082000000006910000000001	GW00691
15040	4500	0	1	000000082000000006920000000001	GW00692
15040	45000	0	10	000000082000000006930000000001	GW00693
15041	11250	0	1	000000082000000006940000000001	GW00694
15042	27000	0	1	000000082000000006950000000001	GW00695
27892	1000	0	1	000000082000000006960000000001	GW00696
28036	13000	0	1	000000082000000006970000000001	GW00697
27883	1000	604800	1	000000082000000006980000000001	GW00698
27886	100	604800	1	000000082000000006990000000001	GW00699
27884	600	604800	1	000000082000000007000000000001	GW00700
27885	200	604800	1	000000082000000007010000000001	GW00701
27876	1000	604800	1	000000082000000007020000000001	GW00702
27879	100	604800	1	000000082000000007030000000001	GW00703
27877	600	604800	1	000000082000000007040000000001	GW00704
27878	200	604800	1	000000082000000007050000000001	GW00705
27883	10000	0	1	000000082000000007060000000001	GW00706
27886	1000	0	1	000000082000000007070000000001	GW00707
27884	6000	0	1	000000082000000007080000000001	GW00708
27885	2000	0	1	000000082000000007090000000001	GW00709
27876	10000	0	1	000000082000000007100000000001	GW00710
27879	1000	0	1	000000082000000007110000000001	GW00711
27877	6000	0	1	000000082000000007120000000001	GW00712
27878	2000	0	1	000000082000000007130000000001	GW00713
27888	12000	0	1	000000082000000007140000000001	GW00714
27887	12000	0	1	000000082000000007150000000001	GW00715
27764	1000	604800	1	000000082000000007160000000001	GW00716
27765	400	604800	1	000000082000000007180000000001	GW00718
27335	15000	0	1	000000082000000007190000000001	GW00719
27334	10000	0	1	000000082000000007200000000001	GW00720
27338	15000	0	1	000000082000000007210000000001	GW00721
27337	10000	0	1	000000082000000007220000000001	GW00722
27778	15000	0	1	000000082000000007240000000001	GW00724
27764	10000	0	1	000000082000000007250000000001	GW00725
27776	7000	0	1	000000082000000007260000000001	GW00726
27768	2000	0	1	000000082000000007270000000001	GW00727
27765	4000	0	1	000000082000000007280000000001	GW00728
28181	1000	0	1	000000082000000007290000000001	GW00729
27774	200	604800	1	000000082000000007320000000001	GW00732
27774	2000	0	1	000000082000000007330000000001	GW00733
27768	200	604800	1	000000082000000007340000000001	GW00734
27771	19000	0	1	000000082000000007350000000001	GW00735
28441	500	0	1	000000082000000007360000000001	GW00736
28117	500	0	1	000000082000000007370000000001	GW00737
27880	1100	604800	1	000000082000000007380000000001	GW00738
27882	100	604800	1	000000082000000007390000000001	GW00739
27881	300	604800	1	000000082000000007400000000001	GW00740
26357	900	604800	1	000000082000000007410000000001	GW00741
26365	600	604800	1	000000082000000007420000000001	GW00742
26374	200	604800	1	000000082000000007430000000001	GW00743
27880	11000	0	1	000000082000000007440000000001	GW00744
27882	1000	0	1	000000082000000007450000000001	GW00745
27881	3000	0	1	000000082000000007460000000001	GW00746
27889	12000	0	1	000000082000000007470000000001	GW00747
26357	9000	0	1	000000082000000007480000000001	GW00748
26181	12000	0	1	000000082000000007490000000001	GW00749
26365	6000	0	1	000000082000000007500000000001	GW00750
26374	2000	0	1	000000082000000007510000000001	GW00751
28553	1000	0	1	000000082000000007520000000001	GW00752
28086	900	604800	1	000000082000000007530000000001	GW00753
27974	200	604800	1	000000082000000007540000000001	GW00754
28087	600	604800	1	000000082000000007550000000001	GW00755
28088	100	604800	1	000000082000000007560000000001	GW00756
28091	900	604800	1	000000082000000007570000000001	GW00757
27975	200	604800	1	000000082000000007580000000001	GW00758
28092	600	604800	1	000000082000000007590000000001	GW00759
28093	200	604800	1	000000082000000007600000000001	GW00760
28095	9000	0	1	000000082000000007610000000001	GW00761
28086	9000	0	1	000000082000000007620000000001	GW00762
27974	2000	0	1	000000082000000007630000000001	GW00763
28087	6000	0	1	000000082000000007640000000001	GW00764
28088	1000	0	1	000000082000000007650000000001	GW00765
28097	11000	0	1	000000082000000007660000000001	GW00766
28091	9000	0	1	000000082000000007670000000001	GW00767
27975	2000	0	1	000000082000000007680000000001	GW00768
28092	6000	0	1	000000082000000007690000000001	GW00769
28093	2000	0	1	000000082000000007700000000001	GW00770
30866	1000	0	1	000000082000000007710000000001	GW00771
30177	800	604800	1	000000082000000007900000000001	GW00790
30179	500	604800	1	000000082000000007720000000001	GW00772
30180	200	604800	1	000000082000000007730000000001	GW00773
24352	800	604800	1	000000082000000007740000000001	GW00774
24355	500	604800	1	000000082000000007750000000001	GW00775
24361	200	604800	1	000000082000000007760000000001	GW00776
30181	11000	0	1	000000082000000007770000000001	GW00777
30177	8000	0	1	000000082000000007780000000001	GW00778
30179	5000	0	1	000000082000000007790000000001	GW00779
30180	2000	0	1	000000082000000007800000000001	GW00780
24352	8000	0	1	000000082000000007810000000001	GW00781
24355	5000	0	1	000000082000000007820000000001	GW00782
24361	2000	0	1	000000082000000007830000000001	GW00783
29949	2500	0	1	000000082000000007850000000001	GW00785
30998	2000	0	1	000000082000000007860000000001	GW00786
30137	6000	0	1	000000082000000007870000000001	GW00787
30613	2500	0	1	000000082000000007880000000001	GW00788
30867	1000	0	1	000000082000000007890000000001	GW00789
31076	1000	0	1	000000082000000007910000000001	GW00791
18228	22500	0	1	000000082000000007920000000001	GW00792
29949	300	0	1	000000082000000007840000000001	GW00784
18305	43000	0	1	000000082000000007930000000001	GW00793
30367	45000	0	1	000000082000000007940000000001	GW00794
30406	22500	0	1	000000082000000007950000000001	GW00795
29452	11000	0	1	000000082000000007960000000001	GW00796
28489	8000	0	1	000000082000000007970000000001	GW00797
28486	8000	0	1	000000082000000007980000000001	GW00798
28487	5000	0	1	000000082000000007990000000001	GW00799
28488	2000	0	1	000000082000000008000000000001	GW00800
30190	8000	0	1	000000082000000008010000000001	GW00801
30187	8000	0	1	000000082000000008020000000001	GW00802
30188	5000	0	1	000000082000000008030000000001	GW00803
30189	2000	0	1	000000082000000008040000000001	GW00804
28486	800	604800	1	000000082000000008050000000001	GW00805
28487	500	604800	1	000000082000000008060000000001	GW00806
28488	200	604800	1	000000082000000008070000000001	GW00807
30187	800	604800	1	000000082000000008080000000001	GW00808
30188	500	604800	1	000000082000000008090000000001	GW00809
30189	200	604800	1	000000082000000008100000000001	GW00810
30407	53000	0	1	000000082000000008110000000001	GW00811
28670	8000	0	1	000000082000000008120000000001	GW00812
29596	8000	0	1	000000082000000008130000000001	GW00813
29598	5000	0	1	000000082000000008140000000001	GW00814
29600	2000	0	1	000000082000000008150000000001	GW00815
29601	8000	0	1	000000082000000008160000000001	GW00816
28928	8000	0	1	000000082000000008170000000001	GW00817
28929	2000	0	1	000000082000000008180000000001	GW00818
29596	800	604800	1	000000082000000008190000000001	GW00819
29598	500	604800	1	000000082000000008200000000001	GW00820
29600	200	604800	1	000000082000000008210000000001	GW00821
28928	800	604800	1	000000082000000008220000000001	GW00822
28929	200	604800	1	000000082000000008230000000001	GW00823
18228	22500	0	1000	000000082000000008240000000001	GW00824
30172	11000	0	1	000000082000000008250000000001	GW00825
30173	5000	0	1	000000082000000008260000000001	GW00826
30174	2000	0	1	000000082000000008270000000001	GW00827
30176	12000	0	1	000000082000000008280000000001	GW00828
30182	12000	0	1	000000082000000008290000000001	GW00829
30183	5000	0	1	000000082000000008300000000001	GW00830
30184	3000	0	1	000000082000000008310000000001	GW00831
30186	12000	0	1	000000082000000008320000000001	GW00832
31371	1000	0	1	000000082000000008390000000001	GW00839
18181	300	0	1	000000082000000008400000000001	GW00840
31647	300	0	1	000000082000000008410000000001	GW00841
30848	11000	0	1	000000082000000008420000000001	GW00842
30861	12000	0	1	000000082000000008430000000001	GW00843
30849	5000	0	1	000000082000000008440000000001	GW00844
30847	2000	0	1	000000082000000008450000000001	GW00845
30862	12000	0	1	000000082000000008460000000001	GW00846
30837	11000	0	1	000000082000000008470000000001	GW00847
30836	5000	0	1	000000082000000008480000000001	GW00848
30835	2000	0	1	000000082000000008490000000001	GW00849
32090	1000	0	1	010000820400000000090000000001	GW00850
28333	8000	0	1	010000820400000000100000000001	GW00851
28335	4000	0	1	010000820400000000110000000001	GW00852
28337	1000	0	1	010000820400000000120000000001	GW00853
28343	8000	0	1	010000820400000000130000000001	GW00854
28339	8000	0	1	010000820400000000140000000001	GW00855
28340	8000	0	1	010000820400000000150000000001	GW00856
28345	8000	0	1	010000820400000000160000000001	GW00857
28334	8000	0	1	010000820400000000170000000001	GW00858
28336	4000	0	1	010000820400000000180000000001	GW00859
28338	1000	0	1	010000820400000000190000000001	GW00860
30363	14000	0	1	010000820400000000200000000001	GW00861
30364	33000	0	1	010000820400000000210000000001	GW00862
30365	42000	0	1	010000820400000000220000000001	GW00863
30843	2000	0	1	010000820400000000230000000001	GW00864
30844	4000	0	1	010000820400000000240000000001	GW00865
30845	8000	0	1	010000820400000000250000000001	GW00866
30846	2000	0	1	010000820400000000260000000001	GW00867
30855	2000	0	1	010000820400000000270000000001	GW00868
30856	8000	0	1	010000820400000000280000000001	GW00869
30857	4000	0	1	010000820400000000290000000001	GW00870
30858	2000	0	1	010000820400000000300000000001	GW00871
30863	8000	0	1	010000820400000000310000000001	GW00872
30864	8000	0	1	010000820400000000320000000001	GW00873
33115	1000	0	1	010000820400000000330000000001	GW00874
31035	10000	0	1	010000820400000000340000000001	GW00875
31036	2000	0	1	010000820400000000350000000001	GW00876
31051	10000	0	1	010000820400000000360000000001	GW00877
31037	2000	0	1	010000820400000000370000000001	GW00878
31028	10000	0	1	010000820400000000380000000001	GW00879
31029	4000	0	1	010000820400000000390000000001	GW00880
31030	2000	0	1	010000820400000000400000000001	GW00881
31048	10000	0	1	010000820400000000410000000001	GW00882
31291	2000	0	1	010000820400000000420000000001	GW00883
31295	10000	0	1	010000820400000000430000000001	GW00884
31306	10000	0	1	010000820400000000440000000001	GW00885
31302	2000	0	1	010000820400000000450000000001	GW00886
31293	2000	0	1	010000820400000000460000000001	GW00887
31297	10000	0	1	010000820400000000470000000001	GW00888
31300	4000	0	1	010000820400000000480000000001	GW00889
31303	2000	0	1	010000820400000000490000000001	GW00890
31308	10000	0	1	010000820400000000500000000001	GW00891
33969	2500	0	1	010000820400000000600000000001	GW00901
31650	2000	0	1	010000820400000000610000000001	GW00902
31661	12000	0	1	010000820400000000620000000001	GW00903
31649	12000	0	1	010000820400000000630000000001	GW00904
31662	12000	0	1	010000820400000000640000000001	GW00905
31659	2000	0	1	010000820400000000650000000001	GW00906
31655	6000	0	1	010000820400000000660000000001	GW00907
31654	2000	0	1	010000820400000000670000000001	GW00908
31653	8000	0	1	010000820400000000680000000001	GW00909
34677	1000	0	1	010000820400000000870000000001	GW00910
31869	8000	0	1	010000820400000000880000000001	GW00911
31870	4000	0	1	010000820400000000890000000001	GW00912
31871	2000	0	1	010000820400000000900000000001	GW00913
31876	8000	0	1	010000820400000000910000000001	GW00914
31877	8000	0	1	010000820400000000920000000001	GW00915
31875	2000	0	1	010000820400000000930000000001	GW00916
31874	5000	0	1	010000820400000000940000000001	GW00917
31873	2000	0	1	010000820400000000950000000001	GW00918
31872	8000	0	1	010000820400000000960000000001	GW00919
32212	12000	0	1	010000820400000000970000000001	GW00920
32213	2000	0	1	010000820400000000980000000001	GW00921
32214	3000	0	1	010000820400000000990000000001	GW00922
32215	8000	0	1	010000820400000001000000000001	GW00923
32224	8000	0	1	010000820400000001010000000001	GW00924
32225	8000	0	1	010000820400000001020000000001	GW00925
32218	3000	0	1	010000820400000001030000000001	GW00926
32216	2000	0	1	010000820400000001040000000001	GW00927
32217	5000	0	1	010000820400000001050000000001	GW00928
32208	8000	0	1	010000820400000001060000000001	GW00929
32209	2000	0	1	010000820400000001070000000001	GW00930
32211	3000	0	1	010000820400000001080000000001	GW00931
32210	5000	0	1	010000820400000001090000000001	GW00932
32222	8000	0	1	010000820400000001100000000001	GW00933
32226	8000	0	1	010000820400000001110000000001	GW00934
32221	3000	0	1	010000820400000001120000000001	GW00935
32219	8000	0	1	010000820400000001130000000001	GW00936
32220	5000	0	1	010000820400000001140000000001	GW00937
35354	1000	0	1	010000820400000001150000000001	GW00938
33090	12000	0	1	010000820400000001160000000001	GW00939
33091	2000	0	1	010000820400000001170000000001	GW00940
33092	2000	0	1	010000820400000001180000000001	GW00941
33108	8000	0	1	010000820400000001190000000001	GW00942
32875	8000	0	1	010000820400000001200000000001	GW00943
32882	8000	0	1	010000820400000001210000000001	GW00944
32878	3000	0	1	010000820400000001220000000001	GW00945
32876	2000	0	1	010000820400000001230000000001	GW00946
32877	5000	0	1	010000820400000001240000000001	GW00947
35353	1000	0	1	010000820400000001250000000001	GW00948
